 #! Swift/XRT lightcurve of trigger: 31978, name: NGC 5408 X-1
 #! T0 for this burst is Swift MET=229462503.0 s, = 2008 Apr 09 at 19:35:00.294 UT
 #! Data covers 0.3-10 keV
 #! The data are in 5 columns:  ! time, time error (+ve), time error (-ve), source count-rate, source error
 #! For a detailed description of light curve production, see Evans et al. 2007 (A&A, 469, 379 )
 #! For a detailed description of the file, see
 #! http://www.swift.ac.uk/xrt_curves/docs.php
 #! This lightcurve was obtained from http://www.swift.ac.uk/xrt_curves/00031978
#! PC data
#!Time    	T_+ve   	T_-ve   	Rate    	Ratepos 	Rateneg
18209.952	18000.000	-18000.000	6.956950e-02	7.320863e-03	-7.320863e-03
162209.952	18000.000	-18000.000	6.428207e-02	6.289643e-03	-6.289643e-03
522209.952	18000.000	-18000.000	6.093056e-02	6.070363e-03	-6.070363e-03
702209.952	18000.000	-18000.000	4.033861e-02	6.288073e-03	-6.288073e-03
738209.952	18000.000	-18000.000	6.405354e-02	1.238141e-02	-1.238141e-02
1134209.952	18000.000	-18000.000	4.879927e-02	5.692082e-03	-5.692082e-03
1314209.952	18000.000	-18000.000	6.157578e-02	5.644818e-03	-5.644818e-03
1494209.952	18000.000	-18000.000	5.655252e-02	5.250901e-02	-3.212183e-02
1674209.952	18000.000	-18000.000	7.206701e-02	6.250652e-03	-6.250652e-03
1926209.952	18000.000	-18000.000	5.512139e-02	5.815442e-03	-5.815442e-03
2322209.952	18000.000	-18000.000	6.843992e-02	6.796064e-03	-6.796064e-03
2538209.952	18000.000	-18000.000	6.267160e-02	5.808668e-03	-5.808668e-03
2934209.952	18000.000	-18000.000	5.811632e-02	7.463021e-03	-7.463021e-03
3186209.952	18000.000	-18000.000	7.229165e-02	6.588350e-03	-6.588350e-03
3762209.952	18000.000	-18000.000	5.987321e-02	6.075306e-03	-6.075306e-03
4122209.952	18000.000	-18000.000	5.580191e-02	9.548473e-03	-9.548473e-03
4158209.952	18000.000	-18000.000	4.011075e-02	1.254262e-02	-1.048065e-02
4338209.952	18000.000	-18000.000	5.489267e-02	7.518490e-03	-7.518490e-03
4374209.952	18000.000	-18000.000	5.395014e-02	1.153524e-02	-1.153524e-02
4734209.952	18000.000	-18000.000	6.860020e-02	6.470529e-03	-6.470529e-03
4986209.952	18000.000	-18000.000	7.175854e-02	7.104935e-03	-7.104935e-03
5346209.952	18000.000	-18000.000	5.337657e-02	1.169610e-02	-1.169610e-02
5634209.952	18000.000	-18000.000	7.357890e-02	1.001188e-02	-1.001188e-02
5922209.952	18000.000	-18000.000	7.500301e-02	6.760669e-03	-6.760669e-03
6174209.952	18000.000	-18000.000	8.328118e-02	6.602673e-03	-6.602673e-03
6210209.952	18000.000	-18000.000	6.846291e-02	6.198470e-03	-6.198470e-03
6534209.952	18000.000	-18000.000	8.082505e-02	6.081855e-03	-6.081855e-03
6570209.952	18000.000	-18000.000	8.518653e-02	1.641630e-02	-1.641630e-02
6786209.952	18000.000	-18000.000	9.224321e-02	7.030188e-03	-7.030188e-03
7146209.952	18000.000	-18000.000	7.188922e-02	1.217305e-02	-1.217305e-02
7182209.952	18000.000	-18000.000	8.498928e-02	8.705645e-03	-8.705645e-03
7290209.952	18000.000	-18000.000	9.706110e-02	8.406873e-03	-8.406873e-03
7326209.952	18000.000	-18000.000	7.818563e-02	1.342477e-02	-1.342477e-02
7722209.952	18000.000	-18000.000	9.178761e-02	8.012715e-03	-8.012715e-03
7974209.952	18000.000	-18000.000	9.464405e-02	6.946483e-03	-6.946483e-03
8298209.952	18000.000	-18000.000	5.500116e-02	1.072808e-02	-1.072808e-02
8334209.952	18000.000	-18000.000	3.994365e-02	5.815010e-03	-5.815010e-03
8622209.952	18000.000	-18000.000	1.025655e-01	7.183775e-03	-7.183775e-03
8910209.952	18000.000	-18000.000	1.130093e-01	8.995157e-03	-8.995157e-03
9234209.952	18000.000	-18000.000	7.502293e-02	7.603210e-03	-7.603210e-03
9594209.952	18000.000	-18000.000	8.546868e-02	7.300648e-03	-7.300648e-03
9810209.952	18000.000	-18000.000	7.716344e-02	7.728602e-03	-7.728602e-03
9846209.952	18000.000	-18000.000	7.763865e-02	1.161983e-02	-1.161983e-02
10170209.952	18000.000	-18000.000	8.915502e-02	7.273473e-03	-7.273473e-03
10530209.952	18000.000	-18000.000	8.200526e-02	6.002056e-03	-6.002056e-03
10566209.952	18000.000	-18000.000	8.277223e-02	6.372597e-03	-6.372597e-03
10782209.952	18000.000	-18000.000	7.180865e-02	1.152319e-02	-1.152319e-02
10818209.952	18000.000	-18000.000	7.046398e-02	6.980433e-03	-6.980433e-03
10998209.952	18000.000	-18000.000	6.426159e-02	8.639235e-03	-8.639235e-03
11034209.952	18000.000	-18000.000	8.048386e-02	8.554682e-03	-8.554682e-03
11394209.952	18000.000	-18000.000	7.103353e-02	7.292355e-03	-7.292355e-03
11430209.952	18000.000	-18000.000	9.223208e-02	1.191728e-02	-1.191728e-02
11646209.952	18000.000	-18000.000	7.974317e-02	6.829510e-03	-6.829510e-03
11934209.952	18000.000	-18000.000	9.661686e-02	1.354774e-02	-1.354774e-02
11970209.952	18000.000	-18000.000	8.199825e-02	7.914107e-03	-7.914107e-03
12186209.952	18000.000	-18000.000	3.112632e-02	1.142461e-02	-9.235885e-03
12222209.952	18000.000	-18000.000	2.893834e-02	4.943104e-03	-4.943104e-03
12546209.952	18000.000	-18000.000	1.007167e-01	6.002176e-03	-6.002176e-03
12942209.952	18000.000	-18000.000	2.413776e-02	1.188887e-02	-9.017124e-03
13158209.952	18000.000	-18000.000	8.149265e-02	6.896612e-03	-6.896612e-03
13410209.952	18000.000	-18000.000	1.680381e-02	3.436104e-03	-3.436104e-03
13842209.952	18000.000	-18000.000	1.923632e-02	3.943810e-03	-3.943810e-03
14058209.952	18000.000	-18000.000	1.304246e-02	3.624040e-03	-3.624040e-03
14382209.952	18000.000	-18000.000	9.534594e-02	7.364801e-03	-7.364801e-03
14634209.952	18000.000	-18000.000	1.142402e-01	7.255242e-03	-7.255242e-03
21690209.952	18000.000	-18000.000	6.410544e-02	5.584211e-03	-5.584211e-03
21942209.952	18000.000	-18000.000	7.721249e-02	6.276053e-03	-6.276053e-03
22302209.952	18000.000	-18000.000	7.379053e-02	6.430281e-03	-6.430281e-03
22554209.952	18000.000	-18000.000	7.012112e-02	5.688007e-03	-5.688007e-03
22842209.952	18000.000	-18000.000	6.894593e-02	5.553525e-03	-5.553525e-03
23094209.952	18000.000	-18000.000	7.544544e-02	8.024606e-03	-8.024606e-03
23418209.952	18000.000	-18000.000	7.052861e-02	1.086888e-02	-1.086888e-02
23454209.952	18000.000	-18000.000	5.914761e-02	7.194782e-03	-7.194782e-03
23706209.952	18000.000	-18000.000	6.056866e-02	5.396667e-03	-5.396667e-03
24102209.952	18000.000	-18000.000	6.220497e-02	6.408813e-03	-6.408813e-03
24318209.952	18000.000	-18000.000	5.615922e-02	5.340424e-03	-5.340424e-03
24714209.952	18000.000	-18000.000	8.583623e-02	6.642154e-03	-6.642154e-03
24930209.952	18000.000	-18000.000	7.822257e-02	1.767848e-02	-1.767848e-02
24966209.952	18000.000	-18000.000	6.650618e-02	8.784793e-03	-8.784793e-03
25290209.952	18000.000	-18000.000	8.949742e-02	1.622174e-02	-1.622174e-02
25326209.952	18000.000	-18000.000	7.101420e-02	7.566508e-03	-7.566508e-03
25542209.952	18000.000	-18000.000	7.265688e-02	6.152133e-03	-6.152133e-03
25866209.952	18000.000	-18000.000	6.936297e-02	6.730434e-03	-6.730434e-03
25902209.952	18000.000	-18000.000	5.721046e-02	8.777735e-03	-8.777735e-03
26442209.952	18000.000	-18000.000	9.450324e-02	1.067627e-02	-1.067627e-02
26478209.952	18000.000	-18000.000	7.675368e-02	9.287748e-03	-9.287748e-03
26766209.952	18000.000	-18000.000	9.401846e-02	7.032472e-03	-7.032472e-03
27054209.952	18000.000	-18000.000	6.269883e-02	8.195325e-03	-8.195325e-03
27090209.952	18000.000	-18000.000	8.458334e-02	1.698160e-02	-1.698160e-02
27378209.952	18000.000	-18000.000	1.098060e-01	8.350727e-03	-8.350727e-03
27414209.952	18000.000	-18000.000	1.201505e-01	2.697925e-02	-2.697925e-02
27666209.952	18000.000	-18000.000	9.623910e-02	7.444661e-03	-7.444661e-03
27990209.952	18000.000	-18000.000	8.337825e-02	9.176262e-03	-9.176262e-03
28278209.952	18000.000	-18000.000	7.883703e-02	6.879503e-03	-6.879503e-03
28530209.952	18000.000	-18000.000	1.184738e-01	8.195377e-03	-8.195377e-03
29214209.952	18000.000	-18000.000	8.187377e-02	5.815366e-03	-5.815366e-03
29250209.952	18000.000	-18000.000	7.693577e-02	9.692713e-03	-9.692713e-03
29466209.952	18000.000	-18000.000	8.714455e-02	9.234670e-03	-9.234670e-03
29502209.952	18000.000	-18000.000	1.000393e-01	9.784905e-03	-9.784905e-03
29754209.952	18000.000	-18000.000	7.887736e-02	5.532631e-03	-5.532631e-03
30150209.952	18000.000	-18000.000	7.464817e-02	6.379893e-03	-6.379893e-03
30402209.952	18000.000	-18000.000	8.167433e-02	7.159441e-03	-7.159441e-03
30726209.952	18000.000	-18000.000	6.673910e-02	5.752300e-03	-5.752300e-03
30942209.952	18000.000	-18000.000	7.098013e-02	7.989129e-03	-7.989129e-03
30978209.952	18000.000	-18000.000	7.606177e-02	1.477329e-02	-1.477329e-02
31302209.952	18000.000	-18000.000	7.042436e-02	1.007319e-02	-1.007319e-02
31338209.952	18000.000	-18000.000	6.419546e-02	8.638921e-03	-8.638921e-03
31626209.952	18000.000	-18000.000	8.336480e-02	7.219371e-03	-7.219371e-03
31950209.952	18000.000	-18000.000	9.121479e-02	1.056106e-02	-1.056106e-02
31986209.952	18000.000	-18000.000	7.903893e-02	9.753265e-03	-9.753265e-03
32526209.952	18000.000	-18000.000	6.660905e-02	5.339491e-03	-5.339491e-03
32778209.952	18000.000	-18000.000	5.113091e-02	7.728479e-03	-7.728479e-03
33138209.952	18000.000	-18000.000	7.400498e-02	6.604547e-03	-6.604547e-03
33426209.952	18000.000	-18000.000	4.956905e-02	8.003264e-03	-8.003264e-03
33714209.952	18000.000	-18000.000	8.356849e-02	7.050569e-03	-7.050569e-03
33966209.952	18000.000	-18000.000	8.709116e-02	1.012767e-02	-1.012767e-02
34002209.952	18000.000	-18000.000	2.781847e-02	6.531302e-03	-6.531302e-03
34326209.952	18000.000	-18000.000	9.281999e-02	6.954910e-03	-6.954910e-03
34650209.952	18000.000	-18000.000	7.700509e-02	8.438038e-03	-8.438038e-03
35010209.952	18000.000	-18000.000	1.551609e-02	3.382570e-03	-3.382570e-03
35226209.952	18000.000	-18000.000	7.911629e-02	8.295757e-03	-8.295757e-03
35262209.952	18000.000	-18000.000	7.362923e-02	1.894177e-02	-1.894177e-02
35550209.952	18000.000	-18000.000	6.951173e-02	6.799993e-03	-6.799993e-03
35838209.952	18000.000	-18000.000	6.705377e-02	1.147040e-02	-1.147040e-02
35874209.952	18000.000	-18000.000	8.532179e-02	8.965101e-03	-8.965101e-03
36162209.952	18000.000	-18000.000	1.022459e-01	8.157397e-03	-8.157397e-03
36450209.952	18000.000	-18000.000	8.899237e-02	7.005731e-03	-7.005731e-03
36774209.952	18000.000	-18000.000	1.039245e-01	1.567347e-02	-1.567347e-02
36810209.952	18000.000	-18000.000	8.450766e-02	1.076842e-02	-1.076842e-02
36990209.952	18000.000	-18000.000	8.506439e-02	7.515593e-03	-7.515593e-03
37386209.952	18000.000	-18000.000	6.599715e-02	8.776843e-03	-8.776843e-03
37638209.952	18000.000	-18000.000	7.436282e-02	7.548977e-03	-7.548977e-03
37674209.952	18000.000	-18000.000	5.657695e-02	1.137814e-02	-1.137814e-02
37998209.952	18000.000	-18000.000	7.089587e-02	1.553831e-02	-1.553831e-02
38034209.952	18000.000	-18000.000	8.351639e-02	7.276308e-03	-7.276308e-03
38214209.952	18000.000	-18000.000	7.573371e-02	7.135319e-03	-7.135319e-03
38610209.952	18000.000	-18000.000	9.188876e-02	7.529571e-03	-7.529571e-03
38862209.952	18000.000	-18000.000	7.847814e-02	1.194761e-02	-1.194761e-02
38898209.952	18000.000	-18000.000	7.567674e-02	7.490640e-03	-7.490640e-03
39222209.952	18000.000	-18000.000	8.531604e-02	6.368182e-03	-6.368182e-03
39474209.952	18000.000	-18000.000	7.662549e-02	7.181252e-03	-7.181252e-03
40050209.952	18000.000	-18000.000	8.674545e-02	7.814981e-03	-7.814981e-03
40410209.952	18000.000	-18000.000	6.506940e-02	6.819468e-03	-6.819468e-03
40626209.952	18000.000	-18000.000	7.306938e-02	6.777269e-03	-6.777269e-03
41022209.952	18000.000	-18000.000	7.540280e-02	6.893621e-03	-6.893621e-03
41310209.952	18000.000	-18000.000	6.798325e-02	6.242078e-03	-6.242078e-03
41634209.952	18000.000	-18000.000	5.570011e-02	6.107331e-03	-6.107331e-03
41886209.952	18000.000	-18000.000	5.845254e-02	6.413591e-03	-6.413591e-03
42210209.952	18000.000	-18000.000	7.063636e-02	7.070121e-03	-7.070121e-03
42246209.952	18000.000	-18000.000	6.124946e-02	1.342400e-02	-1.342400e-02
42462209.952	18000.000	-18000.000	7.289543e-02	6.189458e-03	-6.189458e-03
42858209.952	18000.000	-18000.000	8.833266e-02	8.908143e-03	-8.908143e-03
43074209.952	18000.000	-18000.000	1.003778e-01	1.420832e-02	-1.420832e-02
43110209.952	18000.000	-18000.000	5.837567e-02	7.579074e-03	-7.579074e-03
43398209.952	18000.000	-18000.000	8.107433e-02	8.194793e-03	-8.194793e-03
43722209.952	18000.000	-18000.000	7.290821e-02	6.150107e-03	-6.150107e-03
43758209.952	18000.000	-18000.000	5.651544e-02	1.794650e-02	-1.489600e-02
44046209.952	18000.000	-18000.000	6.762941e-02	3.201125e-02	-2.427896e-02
44082209.952	18000.000	-18000.000	8.386509e-02	7.897442e-03	-7.897442e-03
44658209.952	18000.000	-18000.000	6.967281e-02	1.072437e-02	-1.072437e-02
44694209.952	18000.000	-18000.000	8.844320e-02	2.063840e-02	-2.063840e-02
44874209.952	18000.000	-18000.000	9.169823e-02	7.698913e-03	-7.698913e-03
45234209.952	18000.000	-18000.000	9.773897e-02	6.909360e-03	-6.909360e-03
45450209.952	18000.000	-18000.000	6.237730e-02	1.304810e-02	-1.304810e-02
45486209.952	18000.000	-18000.000	1.173975e-01	9.721154e-03	-9.721154e-03
45882209.952	18000.000	-18000.000	1.034266e-01	1.036120e-02	-1.036120e-02
46098209.952	18000.000	-18000.000	8.441989e-02	6.501013e-03	-6.501013e-03
53154209.952	18000.000	-18000.000	2.274094e-02	4.611374e-03	-4.611374e-03
53370209.952	18000.000	-18000.000	3.586914e-02	1.829204e-02	-1.387361e-02
53406209.952	18000.000	-18000.000	1.476507e-02	3.682801e-03	-3.682801e-03
53658209.952	18000.000	-18000.000	8.911984e-02	1.504879e-02	-1.504879e-02
53694209.952	18000.000	-18000.000	9.763841e-02	1.651025e-02	-1.651025e-02
54018209.952	18000.000	-18000.000	7.330003e-02	6.260405e-03	-6.260405e-03
54306209.952	18000.000	-18000.000	7.517142e-02	7.624252e-03	-7.624252e-03
54630209.952	18000.000	-18000.000	7.450796e-02	7.200793e-03	-7.200793e-03
54954209.952	18000.000	-18000.000	8.415293e-02	7.493839e-03	-7.493839e-03
55134209.952	18000.000	-18000.000	1.042272e-01	2.583176e-02	-2.583176e-02
55170209.952	18000.000	-18000.000	7.805341e-02	7.530041e-03	-7.530041e-03
55494209.952	18000.000	-18000.000	8.150607e-02	7.215486e-03	-7.215486e-03
55782209.952	18000.000	-18000.000	1.061823e-01	8.981343e-03	-8.981343e-03
56142209.952	18000.000	-18000.000	8.956124e-02	1.063076e-02	-1.063076e-02
56178209.952	18000.000	-18000.000	9.552801e-02	1.101912e-02	-1.101912e-02
56718209.952	18000.000	-18000.000	7.766125e-02	1.078244e-02	-1.078244e-02
56754209.952	18000.000	-18000.000	7.403753e-02	7.733714e-03	-7.733714e-03
57042209.952	18000.000	-18000.000	7.697017e-02	6.545782e-03	-6.545782e-03
57366209.952	18000.000	-18000.000	1.114242e-01	8.399319e-03	-8.399319e-03
57546209.952	18000.000	-18000.000	9.585735e-02	1.152227e-02	-1.152227e-02
57582209.952	18000.000	-18000.000	9.797642e-02	1.026470e-02	-1.026470e-02
57942209.952	18000.000	-18000.000	9.160479e-02	9.819682e-03	-9.819682e-03
57978209.952	18000.000	-18000.000	1.091845e-01	2.071863e-02	-2.071863e-02
58230209.952	18000.000	-18000.000	8.991444e-02	6.593044e-03	-6.593044e-03
58518209.952	18000.000	-18000.000	9.324383e-02	7.478121e-03	-7.478121e-03
58770209.952	18000.000	-18000.000	4.602790e-02	5.860678e-03	-5.860678e-03
59130209.952	18000.000	-18000.000	4.313362e-02	5.225219e-03	-5.225219e-03
59454209.952	18000.000	-18000.000	1.153986e-01	9.819182e-03	-9.819182e-03
59742209.952	18000.000	-18000.000	9.137466e-02	7.462151e-03	-7.462151e-03
60318209.952	18000.000	-18000.000	9.006356e-02	7.590092e-03	-7.590092e-03
60570209.952	18000.000	-18000.000	8.106373e-02	1.360690e-02	-1.360690e-02
60606209.952	18000.000	-18000.000	9.627316e-02	1.020129e-02	-1.020129e-02
61002209.952	18000.000	-18000.000	9.450989e-02	1.092955e-02	-1.092955e-02
61254209.952	18000.000	-18000.000	8.854416e-02	7.152584e-03	-7.152584e-03
61542209.952	18000.000	-18000.000	7.114240e-02	1.345466e-02	-1.345466e-02
61578209.952	18000.000	-18000.000	7.510056e-02	8.463853e-03	-8.463853e-03
61866209.952	18000.000	-18000.000	7.169199e-02	1.076148e-02	-1.076148e-02
61902209.952	18000.000	-18000.000	6.977499e-02	1.262146e-02	-1.262146e-02
62190209.952	18000.000	-18000.000	8.055334e-02	9.393698e-03	-9.393698e-03
62226209.952	18000.000	-18000.000	6.770269e-02	9.384738e-03	-9.384738e-03
62622209.952	18000.000	-18000.000	6.141660e-02	8.983520e-03	-8.983520e-03
62658209.952	18000.000	-18000.000	6.298526e-02	9.263511e-03	-9.263511e-03
63234209.952	18000.000	-18000.000	6.085963e-02	5.857401e-03	-5.857401e-03
63846209.952	18000.000	-18000.000	5.236318e-02	5.970019e-03	-5.970019e-03
64386209.952	18000.000	-18000.000	6.329229e-02	1.195873e-02	-1.195873e-02
65034209.952	18000.000	-18000.000	5.782209e-02	7.761825e-03	-7.761825e-03
65070209.952	18000.000	-18000.000	7.073528e-02	1.346250e-02	-1.346250e-02
65682209.952	18000.000	-18000.000	7.023023e-02	6.882354e-03	-6.882354e-03
66186209.952	18000.000	-18000.000	6.595141e-02	9.013012e-03	-9.013012e-03
66222209.952	18000.000	-18000.000	5.077228e-02	1.161780e-02	-1.161780e-02
66798209.952	18000.000	-18000.000	6.845840e-02	8.612973e-03	-8.612973e-03
66834209.952	18000.000	-18000.000	4.718810e-02	9.579761e-03	-9.579761e-03
67446209.952	18000.000	-18000.000	7.739261e-02	6.650257e-03	-6.650257e-03
68022209.952	18000.000	-18000.000	5.942218e-02	6.291516e-03	-6.291516e-03
68670209.952	18000.000	-18000.000	6.359183e-02	6.843795e-03	-6.843795e-03
69318209.952	18000.000	-18000.000	7.430788e-02	6.654028e-03	-6.654028e-03
69858209.952	18000.000	-18000.000	7.172730e-02	6.176617e-03	-6.176617e-03
70470209.952	18000.000	-18000.000	8.398745e-02	1.047734e-02	-1.047734e-02
71082209.952	18000.000	-18000.000	8.556607e-02	7.198667e-03	-7.198667e-03
71694209.952	18000.000	-18000.000	7.224227e-02	6.348618e-03	-6.348618e-03
72342209.952	18000.000	-18000.000	8.606560e-02	9.826301e-03	-9.826301e-03
72882209.952	18000.000	-18000.000	7.225483e-02	6.195467e-03	-6.195467e-03
73494209.952	18000.000	-18000.000	7.475702e-02	1.205655e-02	-1.205655e-02
73530209.952	18000.000	-18000.000	6.915528e-02	8.119826e-03	-8.119826e-03
74106209.952	18000.000	-18000.000	8.501824e-02	7.826392e-03	-7.826392e-03
74718209.952	18000.000	-18000.000	7.948790e-02	6.470859e-03	-6.470859e-03
75330209.952	18000.000	-18000.000	6.559509e-02	5.660563e-03	-5.660563e-03
75906209.952	18000.000	-18000.000	7.480651e-02	6.953438e-03	-6.953438e-03
76482209.952	18000.000	-18000.000	7.313679e-02	9.507442e-03	-9.507442e-03
76518209.952	18000.000	-18000.000	9.040955e-02	1.029587e-02	-1.029587e-02
77130209.952	18000.000	-18000.000	1.133902e-02	3.063722e-03	-3.063722e-03
77706209.952	18000.000	-18000.000	9.218716e-02	7.017452e-03	-7.017452e-03
85086209.952	18000.000	-18000.000	6.196287e-02	7.972368e-03	-7.972368e-03
85122209.952	18000.000	-18000.000	7.200397e-02	9.658116e-03	-9.658116e-03
85662209.952	18000.000	-18000.000	6.967978e-02	7.096834e-03	-7.096834e-03
86202209.952	18000.000	-18000.000	5.696390e-02	7.727239e-03	-7.727239e-03
86238209.952	18000.000	-18000.000	6.028094e-02	7.934291e-03	-7.934291e-03
86778209.952	18000.000	-18000.000	6.384197e-02	6.091911e-03	-6.091911e-03
87426209.952	18000.000	-18000.000	6.440739e-02	5.692754e-03	-5.692754e-03
87966209.952	18000.000	-18000.000	7.058625e-02	9.270817e-03	-9.270817e-03
88002209.952	18000.000	-18000.000	8.881579e-02	2.139719e-02	-2.139719e-02
88614209.952	18000.000	-18000.000	7.063806e-02	6.125300e-03	-6.125300e-03
89802209.952	18000.000	-18000.000	7.439036e-02	7.026009e-03	-7.026009e-03
90378209.952	18000.000	-18000.000	5.700169e-02	8.568382e-03	-8.568382e-03
90414209.952	18000.000	-18000.000	6.268423e-02	7.841502e-03	-7.841502e-03
90990209.952	18000.000	-18000.000	6.545849e-02	8.414719e-03	-8.414719e-03
91026209.952	18000.000	-18000.000	8.037111e-02	1.028225e-02	-1.028225e-02
91638209.952	18000.000	-18000.000	6.402209e-02	8.849056e-03	-8.849056e-03
92250209.952	18000.000	-18000.000	8.271654e-02	9.459074e-03	-9.459074e-03
92394209.952	18000.000	-18000.000	8.308371e-02	9.726343e-03	-9.726343e-03
92826209.952	18000.000	-18000.000	7.081895e-02	6.702990e-03	-6.702990e-03
92862209.952	18000.000	-18000.000	1.013157e-01	1.989793e-02	-1.989793e-02
93474209.952	18000.000	-18000.000	8.675364e-02	9.588703e-03	-9.588703e-03
93510209.952	18000.000	-18000.000	9.121350e-02	1.012551e-02	-1.012551e-02
96498209.952	18000.000	-18000.000	7.142447e-02	8.788962e-03	-8.788962e-03
96570209.952	18000.000	-18000.000	7.868738e-02	9.196525e-03	-9.196525e-03
96642209.952	18000.000	-18000.000	7.806127e-02	1.176985e-02	-1.176985e-02
96966209.952	18000.000	-18000.000	9.115290e-02	1.019429e-02	-1.019429e-02
97038209.952	18000.000	-18000.000	7.289529e-02	9.304167e-03	-9.304167e-03
97218209.952	18000.000	-18000.000	8.265068e-02	7.086765e-03	-7.086765e-03
97398209.952	18000.000	-18000.000	7.546013e-02	9.598477e-03	-9.598477e-03
97434209.952	18000.000	-18000.000	8.622907e-02	9.372694e-03	-9.372694e-03
97578209.952	18000.000	-18000.000	1.316287e-01	1.197467e-02	-1.197467e-02
97722209.952	18000.000	-18000.000	8.099779e-02	1.093946e-02	-1.093946e-02
97794209.952	18000.000	-18000.000	2.679270e-02	6.415791e-03	-6.415791e-03
97866209.952	18000.000	-18000.000	9.928874e-02	1.045458e-02	-1.045458e-02
97974209.952	18000.000	-18000.000	1.856019e-02	4.535801e-03	-4.535801e-03
98046209.952	18000.000	-18000.000	4.051637e-02	8.507371e-03	-8.507371e-03
98118209.952	18000.000	-18000.000	4.269630e-03	2.877125e-03	-2.046886e-03
98226209.952	18000.000	-18000.000	9.049971e-02	2.386330e-02	-2.386330e-02
98298209.952	18000.000	-18000.000	6.031347e-02	8.245541e-03	-8.245541e-03
98370209.952	18000.000	-18000.000	8.670332e-02	9.394321e-03	-9.394321e-03
98478209.952	18000.000	-18000.000	6.166672e-02	8.266195e-03	-8.266195e-03
98550209.952	18000.000	-18000.000	7.533129e-02	9.276320e-03	-9.276320e-03
98658209.952	18000.000	-18000.000	7.377219e-02	1.196219e-02	-1.196219e-02
98694209.952	18000.000	-18000.000	9.008054e-02	1.346241e-02	-1.346241e-02
98802209.952	18000.000	-18000.000	7.605810e-02	1.349729e-02	-1.349729e-02
98982209.952	18000.000	-18000.000	8.753887e-02	1.033774e-02	-1.033774e-02
99054209.952	18000.000	-18000.000	9.653477e-02	1.018200e-02	-1.018200e-02
99162209.952	18000.000	-18000.000	8.998413e-02	1.019961e-02	-1.019961e-02
99234209.952	18000.000	-18000.000	6.883520e-02	8.782017e-03	-8.782017e-03
99306209.952	18000.000	-18000.000	9.784864e-02	1.894856e-02	-1.894856e-02
99414209.952	18000.000	-18000.000	9.167033e-02	1.103345e-02	-1.103345e-02
99486209.952	18000.000	-18000.000	6.119996e-02	1.362203e-02	-1.362203e-02
99522209.952	18000.000	-18000.000	7.240101e-02	1.169469e-02	-1.169469e-02
99594209.952	18000.000	-18000.000	8.335799e-02	1.053865e-02	-1.053865e-02
99666209.952	18000.000	-18000.000	8.883604e-02	1.053312e-02	-1.053312e-02
99774209.952	18000.000	-18000.000	5.809104e-02	8.777500e-03	-8.777500e-03
99882209.952	18000.000	-18000.000	7.553547e-02	8.923951e-03	-8.923951e-03
99954209.952	18000.000	-18000.000	8.781743e-02	1.040623e-02	-1.040623e-02
100026209.952	18000.000	-18000.000	8.978791e-02	1.087334e-02	-1.087334e-02
100098209.952	18000.000	-18000.000	8.356896e-02	9.028305e-03	-9.028305e-03
100278209.952	18000.000	-18000.000	8.993906e-03	4.741543e-03	-3.596227e-03
100386209.952	18000.000	-18000.000	1.855941e-02	6.014326e-03	-5.028275e-03
100458209.952	18000.000	-18000.000	1.103460e-02	3.984715e-03	-3.252961e-03
100530209.952	18000.000	-18000.000	1.676402e-02	5.463421e-03	-4.537278e-03
100638209.952	18000.000	-18000.000	9.458651e-02	1.072166e-02	-1.072166e-02
100674209.952	18000.000	-18000.000	1.144724e-02	7.169172e-03	-5.297176e-03
100782209.952	18000.000	-18000.000	4.908230e-03	3.288104e-03	-2.339271e-03
100854209.952	18000.000	-18000.000	7.309981e-02	9.224304e-03	-9.224304e-03
101034209.952	18000.000	-18000.000	2.532907e-02	5.313805e-03	-5.313805e-03
101142209.952	18000.000	-18000.000	5.798031e-02	7.462059e-03	-7.462059e-03
101250209.952	18000.000	-18000.000	1.131108e-01	1.154534e-02	-1.154534e-02
101286209.952	18000.000	-18000.000	1.200163e-01	1.103415e-02	-1.103415e-02
101394209.952	18000.000	-18000.000	8.055443e-02	9.665437e-03	-9.665437e-03
101466209.952	18000.000	-18000.000	1.136515e-01	1.062311e-02	-1.062311e-02
101574209.952	18000.000	-18000.000	9.564110e-02	9.468707e-03	-9.468707e-03
101718209.952	18000.000	-18000.000	3.191374e-02	6.552023e-03	-6.552023e-03
101790209.952	18000.000	-18000.000	9.387739e-02	1.084954e-02	-1.084954e-02
101862209.952	18000.000	-18000.000	1.749111e-02	4.800382e-03	-4.800382e-03
102042209.952	18000.000	-18000.000	9.498676e-02	1.069448e-02	-1.069448e-02
102114209.952	18000.000	-18000.000	8.552873e-02	1.058272e-02	-1.058272e-02
102294209.952	18000.000	-18000.000	9.821243e-02	1.070936e-02	-1.070936e-02
102366209.952	18000.000	-18000.000	9.493515e-02	1.121775e-02	-1.121775e-02
102438209.952	18000.000	-18000.000	1.059549e-01	1.087945e-02	-1.087945e-02
102510209.952	18000.000	-18000.000	9.188199e-02	1.439432e-02	-1.439432e-02
102726209.952	18000.000	-18000.000	5.617232e-02	8.677309e-03	-8.677309e-03
102762209.952	18000.000	-18000.000	8.811141e-02	9.157274e-03	-9.157274e-03
102870209.952	18000.000	-18000.000	8.222139e-02	9.484311e-03	-9.484311e-03
102942209.952	18000.000	-18000.000	7.058307e-02	1.340591e-02	-1.340591e-02
102978209.952	18000.000	-18000.000	1.288859e-01	5.376106e-02	-4.234249e-02
103086209.952	18000.000	-18000.000	5.623001e-02	2.803204e-02	-2.209379e-02
103122209.952	18000.000	-18000.000	7.382946e-02	9.427623e-03	-9.427623e-03
103230209.952	18000.000	-18000.000	5.926017e-02	1.294719e-02	-1.294719e-02
103266209.952	18000.000	-18000.000	8.600015e-02	1.136112e-02	-1.136112e-02
103374209.952	18000.000	-18000.000	8.161663e-02	1.045456e-02	-1.045456e-02
103446209.952	18000.000	-18000.000	6.961020e-02	1.237390e-02	-1.237390e-02
103482209.952	18000.000	-18000.000	6.618448e-02	1.127852e-02	-1.127852e-02
103662209.952	18000.000	-18000.000	7.664696e-02	8.697654e-03	-8.697654e-03
103734209.952	18000.000	-18000.000	6.789308e-02	9.043586e-03	-9.043586e-03
103878209.952	18000.000	-18000.000	6.883649e-02	8.644491e-03	-8.644491e-03
103986209.952	18000.000	-18000.000	7.354492e-02	8.660822e-03	-8.660822e-03
104130209.952	18000.000	-18000.000	7.444910e-02	9.308159e-03	-9.308159e-03
104238209.952	18000.000	-18000.000	9.764643e-02	1.083744e-02	-1.083744e-02
104346209.952	18000.000	-18000.000	7.891170e-02	9.448100e-03	-9.448100e-03
104418209.952	18000.000	-18000.000	7.191017e-02	9.524490e-03	-9.524490e-03
104526209.952	18000.000	-18000.000	8.481732e-02	9.817898e-03	-9.817898e-03
104598209.952	18000.000	-18000.000	6.036175e-02	8.717211e-03	-8.717211e-03
104670209.952	18000.000	-18000.000	6.395619e-02	8.502523e-03	-8.502523e-03
104742209.952	18000.000	-18000.000	7.411225e-02	9.265608e-03	-9.265608e-03
104850209.952	18000.000	-18000.000	8.541509e-02	1.004261e-02	-1.004261e-02
104922209.952	18000.000	-18000.000	4.930297e-02	8.504507e-03	-8.504507e-03
105138209.952	18000.000	-18000.000	8.915576e-02	9.944847e-03	-9.944847e-03
105174209.952	18000.000	-18000.000	7.902492e-02	9.396079e-03	-9.396079e-03
105282209.952	18000.000	-18000.000	1.433481e-01	3.793265e-02	-3.793265e-02
105318209.952	18000.000	-18000.000	8.647268e-02	1.123438e-02	-1.123438e-02
105498209.952	18000.000	-18000.000	8.974953e-02	7.126770e-03	-7.126770e-03
105606209.952	18000.000	-18000.000	6.647098e-02	1.005797e-02	-1.005797e-02
105750209.952	18000.000	-18000.000	5.931373e-02	8.631054e-03	-8.631054e-03
105822209.952	18000.000	-18000.000	7.702413e-02	9.540167e-03	-9.540167e-03
105894209.952	18000.000	-18000.000	8.116109e-02	9.533835e-03	-9.533835e-03
105966209.952	18000.000	-18000.000	7.249670e-02	9.067583e-03	-9.067583e-03
106110209.952	18000.000	-18000.000	9.319832e-02	1.811965e-02	-1.811965e-02
106146209.952	18000.000	-18000.000	6.623290e-02	9.756971e-03	-9.756971e-03
106254209.952	18000.000	-18000.000	5.796707e-02	1.073533e-02	-1.073533e-02
106290209.952	18000.000	-18000.000	3.926038e-02	1.380207e-02	-1.126745e-02
106362209.952	18000.000	-18000.000	8.270872e-02	9.856147e-03	-9.856147e-03
106434209.952	18000.000	-18000.000	8.354000e-02	1.391560e-02	-1.391560e-02
118890209.952	18000.000	-18000.000	4.615582e-02	1.144238e-02	-1.144238e-02
119106209.952	18000.000	-18000.000	7.241798e-02	1.297594e-02	-1.297594e-02
119646209.952	18000.000	-18000.000	5.973923e-02	1.374190e-02	-1.374190e-02
119898209.952	18000.000	-18000.000	5.758403e-02	8.314099e-03	-8.314099e-03
120042209.952	18000.000	-18000.000	8.443951e-02	1.014035e-02	-1.014035e-02
120150209.952	18000.000	-18000.000	6.229456e-02	8.536738e-03	-8.536738e-03
120258209.952	18000.000	-18000.000	5.191922e-02	1.032917e-02	-1.032917e-02
120402209.952	18000.000	-18000.000	7.426467e-02	9.243076e-03	-9.243076e-03
120510209.952	18000.000	-18000.000	4.653085e-02	8.532898e-03	-8.532898e-03
120582209.952	18000.000	-18000.000	6.569409e-02	9.045466e-03	-9.045466e-03
120690209.952	18000.000	-18000.000	8.163025e-02	9.002916e-03	-9.002916e-03
120762209.952	18000.000	-18000.000	7.206330e-02	9.958788e-03	-9.958788e-03
120870209.952	18000.000	-18000.000	7.503279e-02	9.932070e-03	-9.932070e-03
120906209.952	18000.000	-18000.000	6.711908e-02	8.775831e-03	-8.775831e-03
121014209.952	18000.000	-18000.000	6.898406e-02	9.086646e-03	-9.086646e-03
121050209.952	18000.000	-18000.000	6.984627e-02	1.241754e-02	-1.241754e-02
121086209.952	18000.000	-18000.000	4.854054e-02	1.183685e-02	-1.183685e-02
121158209.952	18000.000	-18000.000	7.753210e-02	1.028872e-02	-1.028872e-02
121230209.952	18000.000	-18000.000	5.738356e-02	8.495525e-03	-8.495525e-03
121338209.952	18000.000	-18000.000	7.737973e-02	1.022949e-02	-1.022949e-02
121554209.952	18000.000	-18000.000	6.355384e-02	8.899845e-03	-8.899845e-03
121626209.952	18000.000	-18000.000	7.307488e-02	9.130463e-03	-9.130463e-03
121698209.952	18000.000	-18000.000	7.180102e-02	1.050962e-02	-1.050962e-02
121770209.952	18000.000	-18000.000	1.031593e-01	5.535480e-02	-4.088516e-02
121806209.952	18000.000	-18000.000	8.535716e-02	1.027923e-02	-1.027923e-02
121842209.952	18000.000	-18000.000	1.108085e-01	1.811670e-02	-1.811670e-02
122058209.952	18000.000	-18000.000	5.572030e-02	7.868183e-03	-7.868183e-03
122130209.952	18000.000	-18000.000	8.197161e-02	9.919356e-03	-9.919356e-03
122238209.952	18000.000	-18000.000	8.046704e-02	1.397910e-02	-1.397910e-02
122418209.952	18000.000	-18000.000	1.306719e-01	5.840828e-02	-4.526593e-02
122526209.952	18000.000	-18000.000	6.381657e-02	8.601814e-03	-8.601814e-03
123030209.952	18000.000	-18000.000	6.258723e-02	8.512608e-03	-8.512608e-03
123246209.952	18000.000	-18000.000	7.949778e-02	1.616035e-02	-1.616035e-02
123282209.952	18000.000	-18000.000	5.969098e-02	1.487713e-02	-1.487713e-02
123318209.952	18000.000	-18000.000	5.987874e-02	1.533545e-02	-1.533545e-02
123534209.952	18000.000	-18000.000	8.687318e-02	1.219573e-02	-1.219573e-02
123750209.952	18000.000	-18000.000	7.583736e-02	1.467443e-02	-1.467443e-02
124038209.952	18000.000	-18000.000	7.293248e-02	1.009290e-02	-1.009290e-02
124290209.952	18000.000	-18000.000	5.543882e-02	8.366714e-03	-8.366714e-03
124506209.952	18000.000	-18000.000	3.851042e-02	2.136581e-02	-1.578083e-02
124794209.952	18000.000	-18000.000	8.887032e-02	1.480889e-02	-1.480889e-02
125082209.952	18000.000	-18000.000	4.463213e-02	1.413908e-02	-1.173575e-02
125298209.952	18000.000	-18000.000	6.218640e-02	7.582504e-03	-7.582504e-03
125622209.952	18000.000	-18000.000	6.095902e-02	8.758303e-03	-8.758303e-03
125838209.952	18000.000	-18000.000	6.152885e-02	1.479773e-02	-1.479773e-02
125874209.952	18000.000	-18000.000	6.597915e-02	1.079046e-02	-1.079046e-02
126090209.952	18000.000	-18000.000	8.141932e-02	3.699325e-02	-2.866946e-02
126126209.952	18000.000	-18000.000	5.987066e-02	1.568614e-02	-1.568614e-02
126162209.952	18000.000	-18000.000	6.218705e-02	2.091251e-02	-1.722816e-02
126882209.952	18000.000	-18000.000	4.770068e-02	9.019130e-03	-9.019130e-03
126918209.952	18000.000	-18000.000	4.889103e-02	2.165235e-02	-1.678040e-02
127422209.952	18000.000	-18000.000	4.484250e-02	9.150201e-03	-9.150201e-03
127926209.952	18000.000	-18000.000	5.547469e-02	8.048986e-03	-8.048986e-03
128142209.952	18000.000	-18000.000	6.339244e-02	1.092881e-02	-1.092881e-02
128178209.952	18000.000	-18000.000	8.204866e-02	1.331793e-02	-1.331793e-02
128466209.952	18000.000	-18000.000	5.277398e-02	1.180912e-02	-1.180912e-02
128682209.952	18000.000	-18000.000	7.982424e-02	9.986183e-03	-9.986183e-03
128970209.952	18000.000	-18000.000	6.177327e-02	9.874395e-03	-9.874395e-03
129006209.952	18000.000	-18000.000	5.256960e-02	1.652460e-02	-1.371579e-02
129222209.952	18000.000	-18000.000	5.404865e-02	1.990256e-02	-1.639614e-02
129258209.952	18000.000	-18000.000	4.153266e-02	9.811526e-03	-9.811526e-03
129474209.952	18000.000	-18000.000	4.315074e-02	9.756068e-03	-9.756068e-03
129510209.952	18000.000	-18000.000	5.605292e-02	1.492080e-02	-1.492080e-02
129726209.952	18000.000	-18000.000	5.177214e-02	1.129081e-02	-1.129081e-02
129762209.952	18000.000	-18000.000	5.166340e-02	1.241448e-02	-1.241448e-02
130518209.952	18000.000	-18000.000	3.799823e-02	6.827899e-03	-6.827899e-03
131814209.952	18000.000	-18000.000	5.740686e-02	8.678396e-03	-8.678396e-03
132102209.952	18000.000	-18000.000	5.258072e-02	8.198394e-03	-8.198394e-03
132318209.952	18000.000	-18000.000	7.978795e-02	1.030193e-02	-1.030193e-02
132390209.952	18000.000	-18000.000	5.882267e-02	1.790634e-02	-1.496259e-02
132570209.952	18000.000	-18000.000	5.042305e-02	7.519921e-03	-7.519921e-03
132822209.952	18000.000	-18000.000	8.241626e-02	1.996267e-02	-1.996267e-02
132858209.952	18000.000	-18000.000	6.017679e-02	9.680425e-03	-9.680425e-03
137286209.952	18000.000	-18000.000	6.531334e-02	6.396549e-03	-6.396549e-03
137610209.952	18000.000	-18000.000	1.268299e-01	4.396403e-02	-3.591210e-02
137898209.952	18000.000	-18000.000	7.090196e-02	3.565815e-02	-2.704495e-02
138006209.952	18000.000	-18000.000	6.720182e-02	7.010872e-03	-7.010872e-03
138330209.952	18000.000	-18000.000	6.136963e-02	6.801425e-03	-6.801425e-03
138690209.952	18000.000	-18000.000	7.164261e-02	6.951777e-03	-6.951777e-03
138978209.952	18000.000	-18000.000	6.628131e-02	4.130774e-02	-2.938775e-02
139014209.952	18000.000	-18000.000	6.237490e-02	7.766724e-03	-7.766724e-03
139374209.952	18000.000	-18000.000	6.006975e-02	6.329160e-03	-6.329160e-03
139698209.952	18000.000	-18000.000	5.217935e-02	8.591755e-03	-8.591755e-03
139734209.952	18000.000	-18000.000	9.657077e-02	1.317121e-02	-1.317121e-02
140022209.952	18000.000	-18000.000	6.912517e-02	6.483443e-03	-6.483443e-03
140418209.952	18000.000	-18000.000	7.568977e-02	6.564036e-03	-6.564036e-03
140742209.952	18000.000	-18000.000	6.735938e-02	1.414191e-02	-1.414191e-02
179370209.952	18000.000	-18000.000	7.838084e-02	9.630517e-03	-9.630517e-03
179514209.952	18000.000	-18000.000	7.190174e-02	9.164452e-03	-9.164452e-03
179694209.952	18000.000	-18000.000	8.232756e-02	1.008934e-02	-1.008934e-02
179838209.952	18000.000	-18000.000	7.002157e-02	6.353894e-03	-6.353894e-03
179874209.952	18000.000	-18000.000	6.552437e-02	7.186968e-03	-7.186968e-03
180054209.952	18000.000	-18000.000	5.940706e-02	8.626402e-03	-8.626402e-03
180162209.952	18000.000	-18000.000	8.062543e-02	9.633914e-03	-9.633914e-03
180414209.952	18000.000	-18000.000	6.254807e-02	8.749168e-03	-8.749168e-03
180486209.952	18000.000	-18000.000	7.998233e-02	8.646708e-03	-8.646708e-03
180522209.952	18000.000	-18000.000	6.383599e-02	6.289328e-03	-6.289328e-03
180558209.952	18000.000	-18000.000	7.085239e-02	7.768253e-03	-7.768253e-03
180594209.952	18000.000	-18000.000	5.680416e-02	7.262903e-03	-7.262903e-03
180738209.952	18000.000	-18000.000	7.181218e-02	9.429148e-03	-9.429148e-03
180918209.952	18000.000	-18000.000	7.457513e-02	1.538894e-02	-1.538894e-02
181098209.952	18000.000	-18000.000	4.490148e-02	8.429782e-03	-8.429782e-03
181386209.952	18000.000	-18000.000	9.199257e-02	1.021051e-02	-1.021051e-02
181566209.952	18000.000	-18000.000	4.895194e-02	7.961379e-03	-7.961379e-03
181746209.952	18000.000	-18000.000	6.800743e-02	9.398938e-03	-9.398938e-03
181890209.952	18000.000	-18000.000	5.068025e-02	7.734883e-03	-7.734883e-03
182070209.952	18000.000	-18000.000	9.028484e-02	1.023171e-02	-1.023171e-02
182466209.952	18000.000	-18000.000	6.137868e-02	1.057543e-02	-1.057543e-02
182574209.952	18000.000	-18000.000	7.497722e-02	1.490147e-02	-1.490147e-02
182790209.952	18000.000	-18000.000	7.959314e-02	1.134294e-02	-1.134294e-02
182934209.952	18000.000	-18000.000	6.251046e-02	9.295850e-03	-9.295850e-03
183114209.952	18000.000	-18000.000	8.055176e-02	1.049478e-02	-1.049478e-02
183294209.952	18000.000	-18000.000	8.713713e-02	1.307974e-02	-1.307974e-02
183474209.952	18000.000	-18000.000	6.708389e-02	9.336513e-03	-9.336513e-03
183690209.952	18000.000	-18000.000	9.037901e-02	1.126668e-02	-1.126668e-02
183798209.952	18000.000	-18000.000	6.002076e-02	8.272392e-03	-8.272392e-03
183978209.952	18000.000	-18000.000	8.172055e-02	1.127990e-02	-1.127990e-02
184122209.952	18000.000	-18000.000	5.730491e-02	1.060949e-02	-1.060949e-02
184158209.952	18000.000	-18000.000	4.224896e-02	1.510324e-02	-1.233711e-02
184374209.952	18000.000	-18000.000	6.104564e-02	7.267216e-03	-7.267216e-03
184482209.952	18000.000	-18000.000	5.374730e-02	1.006568e-02	-1.006568e-02
184518209.952	18000.000	-18000.000	6.132927e-02	1.280539e-02	-1.280539e-02
184698209.952	18000.000	-18000.000	6.359607e-02	9.003275e-03	-9.003275e-03
184842209.952	18000.000	-18000.000	5.630809e-02	9.017963e-03	-9.017963e-03
184986209.952	18000.000	-18000.000	4.673430e-02	1.049311e-02	-1.049311e-02
185238209.952	18000.000	-18000.000	8.119443e-02	1.472569e-02	-1.472569e-02
185382209.952	18000.000	-18000.000	4.793254e-02	1.522221e-02	-1.263478e-02
185526209.952	18000.000	-18000.000	7.569222e-02	9.856562e-03	-9.856562e-03
185742209.952	18000.000	-18000.000	9.634604e-02	1.682326e-02	-1.682326e-02
185958209.952	18000.000	-18000.000	9.171817e-02	1.209599e-02	-1.209599e-02
186354209.952	18000.000	-18000.000	6.940416e-02	8.893507e-03	-8.893507e-03
186534209.952	18000.000	-18000.000	7.292417e-02	9.804604e-03	-9.804604e-03
186678209.952	18000.000	-18000.000	8.479263e-02	1.186545e-02	-1.186545e-02
186858209.952	18000.000	-18000.000	7.723809e-02	9.749764e-03	-9.749764e-03
187002209.952	18000.000	-18000.000	6.201610e-02	8.886930e-03	-8.886930e-03
187146209.952	18000.000	-18000.000	4.518487e-02	9.776333e-03	-9.776333e-03
187398209.952	18000.000	-18000.000	5.551449e-02	8.582852e-03	-8.582852e-03
187542209.952	18000.000	-18000.000	6.743451e-02	1.103850e-02	-1.103850e-02
187758209.952	18000.000	-18000.000	6.423509e-02	8.515300e-03	-8.515300e-03
187902209.952	18000.000	-18000.000	7.269511e-02	9.117809e-03	-9.117809e-03
188082209.952	18000.000	-18000.000	5.114883e-02	9.125522e-03	-9.125522e-03
188118209.952	18000.000	-18000.000	5.990189e-02	1.384778e-02	-1.384778e-02
188262209.952	18000.000	-18000.000	6.769807e-02	8.269009e-03	-8.269009e-03
188406209.952	18000.000	-18000.000	5.767272e-02	1.025789e-02	-1.025789e-02
188442209.952	18000.000	-18000.000	6.165977e-02	1.065013e-02	-1.065013e-02
188586209.952	18000.000	-18000.000	4.799717e-02	1.243129e-02	-1.243129e-02
188802209.952	18000.000	-18000.000	4.699174e-02	7.394720e-03	-7.394720e-03
188946209.952	18000.000	-18000.000	6.398530e-02	1.031991e-02	-1.031991e-02
189054209.952	18000.000	-18000.000	3.977999e-02	7.129507e-03	-7.129507e-03
189306209.952	18000.000	-18000.000	3.239779e-02	6.464069e-03	-6.464069e-03
189450209.952	18000.000	-18000.000	4.958209e-02	1.771749e-02	-1.446384e-02
189486209.952	18000.000	-18000.000	8.849738e-02	1.599204e-02	-1.599204e-02
189630209.952	18000.000	-18000.000	4.183153e-02	1.012765e-02	-1.012765e-02
189810209.952	18000.000	-18000.000	6.710332e-02	9.400377e-03	-9.400377e-03
189954209.952	18000.000	-18000.000	8.071421e-02	1.398107e-02	-1.398107e-02
190134209.952	18000.000	-18000.000	6.992215e-02	1.131239e-02	-1.131239e-02
190314209.952	18000.000	-18000.000	6.860895e-02	3.017003e-02	-2.336386e-02
190350209.952	18000.000	-18000.000	5.294278e-02	8.816860e-03	-8.816860e-03
! PC Upper limit
12906209.952	18000.000	-18000.000	3.1648e-02	0.0000e+00	0.0000e+00
28890209.952	18000.000	-18000.000	5.0080e-01	0.0000e+00	0.0000e+00
43038209.952	18000.000	-18000.000	2.1980e-01	0.0000e+00	0.0000e+00
97470209.952	18000.000	-18000.000	3.4629e-02	0.0000e+00	0.0000e+00
98910209.952	18000.000	-18000.000	5.0227e-01	0.0000e+00	0.0000e+00
100206209.952	18000.000	-18000.000	1.8118e-02	0.0000e+00	0.0000e+00
100242209.952	18000.000	-18000.000	2.7612e-02	0.0000e+00	0.0000e+00
100710209.952	18000.000	-18000.000	3.7882e-02	0.0000e+00	0.0000e+00
100926209.952	18000.000	-18000.000	1.3385e-02	0.0000e+00	0.0000e+00
101970209.952	18000.000	-18000.000	1.5023e-02	0.0000e+00	0.0000e+00
103410209.952	18000.000	-18000.000	1.5874e-01	0.0000e+00	0.0000e+00
104058209.952	18000.000	-18000.000	7.6060e-01	0.0000e+00	0.0000e+00
